0.3492660000010801
0.1959790000000794
232.24333000000115
910.1096509999988
1382.7619249999989
1771.0345039999993
2136.963126999999
2525.2705459999997
2890.449482
3117.3329489999996
3322.62227
3614.0211670000026
3751.0232450000003
3757.6912389999998
3871.653389000003
3739.3687869999994
3428.703612000001
3017.043450000001
1330.5162830000045
8599.875081999999
9174.308803000007
10046.281694999998
11206.267362999992
12305.798932999998
13285.946284999998
14332.944279000003
15310.88901900001
16497.699622999993
17543.906759999998
18559.002670999995
19663.867211999997
20539.056297000003
21535.564967
22311.402841999996
23065.87533099999
23840.282466000004
24584.730257999996
25678.548873000007
26367.819539999997
27058.536947
27784.633164000013
28569.220704000007
29291.082664
30510.379247999997
32044.477308
33318.132514
34252.71004599999
35275.375490000006
37483.580799
39099.072044000015
39975.91046300001
41254.088281000004
42368.409579
43490.04701299999
44295.45408600001
45056.04926900001
45981.82587
46748.967573999995
47580.63942199999
48374.812655
49176.884993
49987.11056900001
50758.706068000014
51678.8992
52483.38407699998
