0.8776219999999739
0.6100540000006731
63.46661600000152
60.122471000002406
68.38191900000311
67.62030499999673
43.52922899999976
136.82493399999657
288.99757199999294
223.2123270000011
157.71922799999447
98.43577399999776
92.45760999999766
268.85681399999885
240.39008599999943
190.47704099999828
139.91086299999733
143.8709680000029
316.85771399999794
229.93963800000347
221.5015990000029
184.65609499999846
382.53110999999626
322.26730900000257
285.83772500000487
248.08245700000407
264.66670200000226
315.7528979999988
310.8067710000032
274.9644679999983
335.3886050000001
377.14721499999723
388.7155869999988
462.6710119999989
481.5506979999991
476.5673600000009
456.878383999996
381.454770999997
453.9857069999998
438.0632009999972
429.4440639999957
461.04327000000194
453.87509399999544
381.83225200000015
420.5960880000057
558.0054860000018
559.3065130000032
551.214602
392.38574099999823
839.1348070000022
890.845865999996
1088.137683999994
1250.5754860000015
1371.5912289999978
1466.7008209999985
1528.541075000001
1540.0168540000013
1559.8566189999983
1568.3549820000044
1595.4047990000035
1590.9891170000046
1588.4571030000006
1615.8397220000043
1647.3785370000041
1713.7280370000008
